70	10	7
A
0000110000
0011001100
0110000110
1111111111
1100000011
1100000011
1100000011

B
1111111100
1100000011
1100000011
1111111100
1100000011
1100000011
1111111100

C
0011111100
1100000011
1100000000
1100000000
1100000000
1100000011
0011111100

D
1111111100
1100000011
1100000011
1100000011
1100000011
1100000011
1111111100

E
1111111111
1100000000
1100000000
1111111100
1100000000
1100000000
1111111111

F
1111111111
1100000000
1100000000
1111111100
1100000000
1100000000
1100000000

G
0011111111
1100000000
1100000000
1100111111
1100000011
1100000011
1111111100

H
1100000011
1100000011
1100000011
1111111111
1100000011
1100000011
1100000011

I
0011111100
0000110000
0000110000
0000110000
0000110000
0000110000
0011111100

J
0000001111
0000000011
0000000011
0000000011
0000000011
0011000011
0000111111

K
1100000011
1100001100
1100110000
1111000000
1100110000
1100001100
1100000011

L
1100000000
1100000000
1100000000
1100000000
1100000000
1100000000
1111111100

M
1100000011
1111001111
1100110011
1100000011
1100000011
1100000011
1100000011

N
1100000011
1100000011
1111000011
1100110011
1100001111
1100000011
1100000011

O
0011111100
1100000011
1100000011
1100000011
1100000011
1100000011
0011111100

P
1111111111
1100000011
1100000011
1111111100
1100000000
1100000000
1100000000

Q
0011111100
1100000011
1100000011
1100000011
1100110011
1100001111
0011111111

R
1111111100
1100000011
1100000011
1111111100
1100110000
1100001100
1100000011

S
1111111111
1100000000
1100000000
1111111111
0000000011
0000000011
1111111111

T
1111111111
0000110000
0000110000
0000110000
0000110000
0000110000
0000110000

U
1100000011
1100000011
1100000011
1100000011
1100000011
1100000011
0011111100

V
1100000011
1100000011
1100000011
1100000011
1100000011
0011001100
0000110000

W
1100000011
1100000011
1100000011
1100000011
1100110011
1100110011
0011001100

X
1100000011
1100000011
0011001100
0000110000
0011001100
1100000011
1100000011

Y
1100000011
1100000011
1100000011
0011111100
0000110000
0000110000
0000110000

Z
1111111111
0000000011
0000001100
0000110000
0011000000
1100000000
1111111111