70	10	7
0
1111111111
1100000011
1100000011
1100000011
1100000011
1100000011
1111111111

1
0000110000
0011110000
0000110000
0000110000
0000110000
0000110000
1111111111

2
1111111111
0000000011
0000000011
1111111111
1100000000
1100000000
1111111111

3
1111111111
0000000011
0000000011
1111111111
0000000011
0000000011
1111111111

4
1100000011
1100000011
1100000011
1111111111
0000000011
0000000011
0000000011

5
1111111111
1100000000
1100000000
1111111111
0000000011
0000000011
1111111111

6
1111111111
1100000000
1100000000
1111111111
1100000011
1100000011
1111111111

7
1111111111
0000000011
0000000011
0000000011
0000000011
0000000011
0000000011

8
1111111111
1100000011
1100000011
1111111111
1100000011
1100000011
1111111111

9
1111111111
1100000011
1100000011
1111111111
0000000011
0000000011
1111111111